CG-USER(295): (RUN-BEST '(2 8 3 1 6 4 7 0 5) *GOAL*)

"open =" 
(((2 8 3 1 6 4 7 0 5) NIL 0 5)) 
"closed =" 
NIL 
"open =" 
(((2 8 3 1 0 4 7 6 5) (2 8 3 1 6 4 7 0 5) 1 5) ((2 8 3 1 6 4 7 5 0) (2 8 3 1 6 4 7 0 5) 1 7)
 ((2 8 3 1 6 4 0 7 5) (2 8 3 1 6 4 7 0 5) 1 7)) 
"closed =" 
(((2 8 3 1 6 4 7 0 5) NIL 0 5)) 
"open =" 
(((2 0 3 1 8 4 7 6 5) (2 8 3 1 0 4 7 6 5) 2 5) ((2 8 3 1 6 4 7 5 0) (2 8 3 1 6 4 7 0 5) 1 7)
 ((2 8 3 1 6 4 0 7 5) (2 8 3 1 6 4 7 0 5) 1 7) ((2 8 3 1 4 0 7 6 5) (2 8 3 1 0 4 7 6 5) 2 7)
 ((2 8 3 0 1 4 7 6 5) (2 8 3 1 0 4 7 6 5) 2 7)) 
"closed =" 
(((2 8 3 1 0 4 7 6 5) (2 8 3 1 6 4 7 0 5) 1 5) ((2 8 3 1 6 4 7 0 5) NIL 0 5)) 
"open =" 
(((0 2 3 1 8 4 7 6 5) (2 0 3 1 8 4 7 6 5) 3 5) ((2 8 3 1 6 4 7 5 0) (2 8 3 1 6 4 7 0 5) 1 7)
 ((2 8 3 1 6 4 0 7 5) (2 8 3 1 6 4 7 0 5) 1 7) ((2 8 3 1 4 0 7 6 5) (2 8 3 1 0 4 7 6 5) 2 7)
 ((2 8 3 0 1 4 7 6 5) (2 8 3 1 0 4 7 6 5) 2 7) ((2 3 0 1 8 4 7 6 5) (2 0 3 1 8 4 7 6 5) 3 7)) 
"closed =" 
(((2 0 3 1 8 4 7 6 5) (2 8 3 1 0 4 7 6 5) 2 5) ((2 8 3 1 0 4 7 6 5) (2 8 3 1 6 4 7 0 5) 1 5)
 ((2 8 3 1 6 4 7 0 5) NIL 0 5)) 
"open =" 
(((1 2 3 0 8 4 7 6 5) (0 2 3 1 8 4 7 6 5) 4 5) ((2 8 3 1 6 4 7 5 0) (2 8 3 1 6 4 7 0 5) 1 7)
 ((2 8 3 1 6 4 0 7 5) (2 8 3 1 6 4 7 0 5) 1 7) ((2 8 3 1 4 0 7 6 5) (2 8 3 1 0 4 7 6 5) 2 7)
 ((2 8 3 0 1 4 7 6 5) (2 8 3 1 0 4 7 6 5) 2 7) ((2 3 0 1 8 4 7 6 5) (2 0 3 1 8 4 7 6 5) 3 7)) 
"closed =" 
(((0 2 3 1 8 4 7 6 5) (2 0 3 1 8 4 7 6 5) 3 5) ((2 0 3 1 8 4 7 6 5) (2 8 3 1 0 4 7 6 5) 2 5)
 ((2 8 3 1 0 4 7 6 5) (2 8 3 1 6 4 7 0 5) 1 5) ((2 8 3 1 6 4 7 0 5) NIL 0 5)) 
"open =" 
(((1 2 3 8 0 4 7 6 5) (1 2 3 0 8 4 7 6 5) 5 5) ((2 8 3 1 6 4 7 5 0) (2 8 3 1 6 4 7 0 5) 1 7)
 ((2 8 3 1 6 4 0 7 5) (2 8 3 1 6 4 7 0 5) 1 7) ((2 8 3 1 4 0 7 6 5) (2 8 3 1 0 4 7 6 5) 2 7)
 ((2 8 3 0 1 4 7 6 5) (2 8 3 1 0 4 7 6 5) 2 7) ((2 3 0 1 8 4 7 6 5) (2 0 3 1 8 4 7 6 5) 3 7)
 ((1 2 3 7 8 4 0 6 5) (1 2 3 0 8 4 7 6 5) 5 7)) 
"closed =" 
(((1 2 3 0 8 4 7 6 5) (0 2 3 1 8 4 7 6 5) 4 5) ((0 2 3 1 8 4 7 6 5) (2 0 3 1 8 4 7 6 5) 3 5)
 ((2 0 3 1 8 4 7 6 5) (2 8 3 1 0 4 7 6 5) 2 5) ((2 8 3 1 0 4 7 6 5) (2 8 3 1 6 4 7 0 5) 1 5)
 ((2 8 3 1 6 4 7 0 5) NIL 0 5)) 
((2 8 3 1 6 4 7 0 5) (2 8 3 1 0 4 7 6 5) (2 0 3 1 8 4 7 6 5) (0 2 3 1 8 4 7 6 5) (1 2 3 0 8 4 7 6 5)
 (1 2 3 8 0 4 7 6 5))
CG-USER(296): 

